0.6680497925311202
0.6551867219917011
0.667219917012448
0.6804979253112029
0.6838174273858919
0.6742738589211615
0.6506224066390041
0.6622406639004147
0.6697095435684646
0.6614107883817426
0.6431535269709541
0.6348547717842324
0.6580912863070538
0.6717842323651452
0.6614107883817425
0.6493775933609958
0.6381742738589212
0.6738589211618257
0.6846473029045641
0.6734439834024896
0.6721991701244813
0.6751037344398341
0.6887966804979252
0.6614107883817425
0.6290456431535268
0.5954356846473028
0.5526970954356847
0.4203319502074691
0.3966804979253111
0.3186721991701251
0.0
0.14177040110650085
0.33056708160442616
0.48340248962655613
0.5560165975103736
0.5463347164591978
0.4979253112033192
0.3803596127247576
0.31535269709543573
0.28008298755186734
0.26832641770401117
0.2786998616874138
0.3029045643153526
0.33402489626556003
0.35684647302904554
0.36929460580912865
0.3720608575380361
0.3699861687413556
0.3734439834024898
0.3838174273858921
0.3914246196403874
0.4004149377593361
0.4135546334716459
0.4301521438450899
0.4439834024896264
0.45089903181189495
0.4522821576763486
0.4502074688796681
0.44674965421853385
0.4439834024896264
0.43983402489626533
0.45836791147994443
0.48022130013831243
0.46804979253112033
0.4605809128630703
0.4771784232365146
0.5120331950207468
0.5186721991701242
0.5302904564315353
0.5493775933609958
0.5919778699861686
0.6417704011065006
0.6721991701244812
0.7004149377593362
0.7195020746887968
0.7676348547717841
0.7540802213001381
0.8215767634854773
0.9950207468879666
0.9037344398340244
0.8907330567081602
0.9178423236514521
0.9200553250345777
0.8968188105117565
0.6464730290456425
0.7399723374827111
0.681604426002766
0.5643153526970953
0.7255878284923928
0.4301521438450896
