0.5672043010752686
0.6150537634408602
0.6526881720430109
0.6516129032258065
0.6209677419354838
0.6276881720430105
0.6204301075268818
0.6103942652329749
0.6494623655913978
0.7043010752688172
0.7060931899641576
0.6949820788530465
0.6844086021505376
0.6710573476702508
0.6643369175627241
0.6532258064516129
0.6672043010752688
0.6747311827956989
0.7123655913978493
0.7215053763440862
0.6953405017921146
0.6833333333333331
0.6876344086021504
0.7181899641577062
0.7376344086021507
0.7432795698924732
0.7168458781362005
0.6618279569892475
0.643548387096774
0.48611111111111205
0.10752688172042985
0.04327956989247307
0.003763440860214989
0.004301075268816954
0.02598566308243722
0.0712365591397849
0.13010752688172034
0.18530465949820774
0.21182795698924733
0.2475806451612904
0.27867383512544797
0.3011648745519713
0.3462365591397849
0.4101254480286738
0.4387096774193549
0.45430107526881724
0.45448028673835117
0.4705197132616488
0.4860215053763439
0.5225806451612902
0.5385304659498206
0.5362903225806449
0.5195340501792114
0.5258960573476702
0.5354838709677419
0.5689964157706091
0.6089605734767025
0.5900537634408602
0.5560931899641575
0.6140681003584231
0.7983870967741934
0.8139784946236559
0.8139784946236558
0.8013440860215052
0.8118279569892474
0.8266129032258063
0.8349462365591399
0.8489247311827958
0.7865591397849461
0.2940860215053762
0.1451612903225807
0.17419354838709683
0.49301075268817224
0.5833333333333334
0.6725806451612905
0.7298387096774195
0.7908602150537637
0.8088709677419356
0.9091397849462364
0.9333333333333331
0.9301075268817203
0.9411290322580643
0.9193548387096773
0.8989247311827958
0.8930107526881719
0.9758064516129032
0.9763440860215051
0.9282258064516127
0.8747311827956988
0.8400537634408602
