0.5291479820627805
0.5635276532137521
0.5686098654708521
0.5560538116591932
0.5420029895366218
0.5381165919282516
0.5264573991031393
0.5288490284005982
0.5641255605381165
0.5775784753363231
0.5769805680119582
0.590732436472347
0.5793721973094171
0.5823617339312406
0.6113602391629301
0.6322869955156951
0.6412556053811662
0.6346786248131542
0.5704035874439464
0.5273542600896863
0.5037369207772796
0.5058295964125562
0.4660687593423019
0.3285500747384156
0.25022421524663696
0.20627802690582975
0.07982062780269061
0.09955156950672661
0.17219730941704026
0.0956651718983555
0.03587443946188381
0.032585949177877736
0.05022421524663702
0.09058295964125584
0.1596412556053816
0.21674140508221246
0.2798206278026908
0.354260089686099
0.45291479820627845
0.5246636771300449
0.5515695067264573
0.5276532137518688
0.4618834080717491
0.4152466367713006
0.38415545590433475
0.3677130044843049
0.37428998505231703
0.39133034379671156
0.410762331838565
0.42062780269058314
0.4334828101644247
0.450224215246637
0.4693572496263082
0.48579970104633813
0.49955156950672674
0.5022421524663679
0.4932735426008973
0.4932735426008973
0.5124065769805684
0.5291479820627805
0.5695067264573992
0.5968609865470854
0.6122571001494768
0.6515695067264577
0.7094170403587445
0.7473841554559044
0.7659192825112109
0.7855007473841554
0.8050822122571002
0.8103139013452917
0.8071748878923768
0.8022421524663679
0.7883408071748881
0.7705530642750373
0.7515695067264574
0.7399103139013453
0.7426008968609866
0.7565022421524665
0.7650224215246638
0.7668161434977581
0.7727952167414054
0.7946188340807177
0.8224215246636771
0.8674140508221228
0.9004484304932738
0.924514200298954
0.9632286995515699
0.9928251121076233
0.9997010463378176
0.9653213751868464
