0.7397266330056551
0.7445656222290691
0.7498000358565733
0.7540256543216939
0.7599356757133333
0.7788001953952477
0.786699161038555
0.7860786137115853
0.7890901855341766
0.7850661044683682
0.783579176199959
0.7894549602225669
0.7883769820507714
0.7815068715388025
0.7697139381789756
0.7598144435313252
0.7649086725729982
0.7779768934930749
0.7822466172347854
0.7721690314655036
0.7635794989073217
0.7627641345911806
0.7754048406425322
0.7478191161695023
0.7239050375098437
0.7135475813610958
0.6643031426904537
0.5659362419027797
0.511419794984996
0.3276844705084352
0.1441575163525603
0.07635763448494429
0.07496641616948563
0.16956137287795603
0.24184082796727036
0.2729100788570412
0.2695534385295832
0.25314908273316383
0.267220864910218
0.28755335997844167
0.3083509017461861
0.32153878190431856
0.3394659035344632
0.346693553413013
0.3506917178054372
0.35638692158826807
0.36023010629491553
0.3739456528233334
0.3867178178198156
0.4000103155778928
0.3998299214079805
0.41049548298183147
0.39847167787790927
0.38855021924451316
0.39288220481003094
0.41322955621942903
0.4570059882383653
0.4913490512355172
0.5239545066102961
0.5997369157085952
0.694297387257198
0.7049666143419321
0.7102503013385276
0.7129772368259751
0.7282266000303842
0.7425734996595817
0.7223323360326033
0.6808923131996483
0.6691933484190855
0.5990503738392272
0.5941089568550458
0.6368451556997438
0.686374040010765
0.7086972848461555
0.7459586844984587
0.7809050576716053
0.8043409622989887
0.825373829830286
0.8645644801329357
0.8695674842480201
0.8813234858839223
0.8936065987644227
0.8888171192406805
0.8564692204096446
0.7872584141685366
0.7975289077946822
0.7867321549077193
0.8074141425955332
0.8480570876436264
0.8037409660661581
