0.9342789240698202
0.904561532288405
0.8040382993256548
0.8562817653690281
0.8013534148087903
0.16945060637467071
0.0858521282608351
0.09418124997453971
0.08707255181704789
0.0679530635032082
0.041493175533604536
0.05477387413420342
0.06312792719062364
0.05959033753273208
0.0727647305174484
0.06762303941221826
0.061075051718820404
0.07677841716427518
0.0671220012249835
0.07807302698761194
0.08139736808596265
0.08817672218777155
0.09000269254559118
0.09735466922754171
0.173663582788681
0.6508124155130051
0.6603062290971274
0.652835146038075
0.6375786147096041
0.6806210502925204
0.7712700835451299
0.78650180508309
0.759558500710719
0.7719518222252361
0.810237828057902
0.8671295276060826
0.8504238098298019
0.8042784339187684
0.8237907543188158
0.8306648485085021
0.7952792228254278
0.7895916489824638
0.7848412278533528
0.7283010654937733
0.7012316950592906
