0.7397266330056551
0.786699161038555
0.7883769820507714
0.7822466172347854
0.7239050375098437
0.1441575163525603
0.07235132804059342
0.16956137287795603
0.26198119799633374
0.2695534385295832
0.2600241587941735
0.2875533599784417
0.3136020474127288
0.3394659035344632
0.34871335985026103
0.35638692158826807
0.3670505307000551
0.3867178178198156
0.4003723198206248
0.4104954829818315
0.3880455825397507
0.39288220481003094
0.431137617598724
0.49134905123551714
0.5489250778162557
0.694297387257198
0.7129772368259751
0.7223323360326032
0.5990503738392272
0.686374040010765
0.7809050576716053
0.8645644801329357
0.8936065987644227
0.7872584141685369
0.8074141425955332
