0.6758253855028049
0.6714990860152149
0.6525528461012332
0.6591158187932383
0.6820694804565773
0.4033879920976697
0.1075213776826681
0.10371984888113932
0.15346419943194128
0.2966285304994983
0.3309789680757423
0.38873058227896956
0.41552814859266474
0.4769805624644335
0.5351080343015827
0.5481367416851287
0.5905368397303883
0.6274422097002743
0.6586831594896111
0.6868921288276127
0.735228315873477
0.7584416842481362
0.7766515048773114
0.7898843334327205
0.8287514158481902
0.8335243496533821
0.8197502068469812
0.9111081756243049
0.8775785001591455
0.7976446492575526
0.611823333597527
0.6420603678668195
0.6445808711937745
0.6484199742264258
0.6688791325888103
