0.25000000000000017
0.23791666666666658
0.01555555555555553
0.10875000000000007
0.18194444444444444
0.23333333333333336
0.25583333333333325
0.22388888888888886
0.2472222222222224
0.3249999999999998
0.36388888888888904
0.35291666666666655
0.36666666666666664
0.37083333333333346
0.363611111111111
0.35624999999999996
0.35305555555555573
0.3705555555555557
0.3974999999999997
0.41250000000000014
0.4097222222222223
0.40416666666666656
0.4369444444444442
0.42763888888888885
0.4574999999999999
0.43472222222222234
0.4719444444444444
0.49333333333333307
0.5222222222222219
0.6302777777777775
0.7624999999999996
0.6950000000000001
0.7633333333333332
0.6383333333333332
0.6574999999999995
0.8708333333333331
0.9024999999999996
0.9466666666666663
0.5033333333333336
0.5908333333333327
