0.06628242074927983
0.008645533141210382
0.00576368876080708
0.03602305475504331
0.11642651296829973
0.1772334293948129
0.20345821325648425
0.223342939481268
0.24495677233429408
0.2484149855907782
0.2651296829971181
0.30374639769452455
0.3608069164265131
0.38414985590778106
0.39423631123919306
0.3991354466858791
0.3994236311239195
0.38962536023054783
0.4080691642651298
0.42651296829971197
0.4265129682997119
0.4256484149855908
0.4247838616714698
0.432276657060519
0.4368876080691643
0.4769452449567725
0.4951008645533142
0.5083573487031701
0.6466858789625365
0.8651296829971179
0.9020172910662825
0.8939481268011528
0.5936599423631126
0.13976945244956807
0.65014409221902
0.8097982708933718
0.8357348703170027
0.9997118155619596
0.9319884726224785
0.9293948126801154
