0.17968749999999983
0.021874999999999766
0.09843749999999983
0.30937499999999957
0.5093749999999999
0.49999999999999944
0.40468749999999964
0.2999999999999997
0.259375
0.23437499999999928
0.2421874999999995
0.2781250000000001
0.3093749999999995
0.2906250000000001
0.2515624999999998
0.2421874999999995
0.26250000000000007
0.25156249999999974
0.2484374999999997
0.23749999999999938
0.2187499999999999
0.21718749999999984
0.23281249999999945
0.25468749999999957
0.2687499999999998
0.24999999999999972
0.2531249999999998
0.28281249999999974
0.3390624999999999
0.4874999999999998
0.8203125000000001
0.771875
0.7828124999999999
0.8437499999999998
0.7937500000000004
0.8437499999999998
0.9796874999999998
0.990625
0.8906249999999998
0.890625
