0.0
0.14177040110650085
0.33056708160442616
0.48340248962655613
0.5560165975103736
0.5463347164591978
0.4979253112033192
0.3803596127247576
0.31535269709543573
0.28008298755186734
0.26832641770401117
0.2786998616874138
0.3029045643153526
0.33402489626556003
0.35684647302904554
0.36929460580912865
0.3720608575380361
0.3699861687413556
0.3734439834024898
0.3838174273858921
0.3914246196403874
0.4004149377593361
0.4135546334716459
0.4301521438450899
0.4439834024896264
0.45089903181189495
0.4522821576763486
0.4502074688796681
0.44674965421853385
0.4439834024896264
0.43983402489626533
0.4680497925311203
0.5120331950207468
0.5493775933609958
0.672199170124481
0.7676348547717841
0.9950207468879666
0.9178423236514521
0.6464730290456436
0.5643153526970953
