0.5672043010752686
0.6204301075268818
0.6844086021505376
0.7123655913978493
0.7376344086021507
0.10752688172042985
0.018413978494623555
0.004301075268816954
0.04973118279569888
0.13010752688172034
0.20161290322580624
0.24758064516129039
0.28817204301075255
0.3462365591397849
0.4295698924731183
0.45430107526881724
0.4635752688172042
0.4860215053763439
0.5331989247311826
0.536290322580645
0.5228494623655915
0.5354838709677419
0.5923387096774191
0.5900537634408602
0.5553763440860211
0.7983870967741934
0.8013440860215052
0.8349462365591399
0.2940860215053762
0.49301075268817185
0.7298387096774195
0.9091397849462364
0.9411290322580645
0.8930107526881718
0.9282258064516129
