0.0
0.05534351145038141
0.09541984732824435
0.1087786259541984
0.11450381679389322
0.2022900763358778
0.18320610687022895
0.17748091603053412
0.19083969465648817
0.2041984732824425
0.2748091603053434
0.2938931297709923
0.2900763358778624
0.2977099236641219
0.3664122137404579
0.4122137404580151
0.41603053435114473
0.400763358778626
0.4083969465648855
0.4770992366412212
0.48854961832061033
0.4541984732824425
0.2671755725190837
0.19083969465648817
0.2022900763358778
0.2748091603053434
0.3396946564885493
0.3835877862595418
0.4809160305343511
0.4847328244274807
0.4770992366412212
0.5248091603053431
0.6259541984732824
0.597328244274809
0.5916030534351144
0.666030534351145
0.648854961832061
0.6068702290076334
0.648854961832061
0.6450381679389312
