0.5138888888888888
0.06944444444444446
0.0
0.215277777777778
0.2708333333333332
0.23611111111111097
0.20138888888888873
0.18055555555555577
0.215277777777778
0.23611111111111097
0.22222222222222265
0.23611111111111097
0.27777777777777785
0.2708333333333332
0.2500000000000002
0.2500000000000002
0.2500000000000002
0.34722222222222227
0.36111111111111155
0.3194444444444447
0.29166666666666713
0.3958333333333338
0.4236111111111114
0.36111111111111155
0.29861111111111077
0.34722222222222227
0.5416666666666664
0.7291666666666669
0.6874999999999999
0.7430555555555551
0.784722222222222
0.8972222222222221
0.8999999999999998
0.9194444444444441
0.8444444444444439
0.8194444444444442
0.8805555555555554
0.9513888888888885
0.883333333333333
0.9180555555555552
