0.03587443946188381
0.032585949177877736
0.05022421524663702
0.09058295964125584
0.1596412556053816
0.21674140508221246
0.2798206278026908
0.354260089686099
0.45291479820627845
0.5246636771300449
0.5515695067264573
0.5276532137518688
0.4618834080717491
0.4152466367713006
0.38415545590433475
0.3677130044843049
0.37428998505231703
0.39133034379671156
0.410762331838565
0.42062780269058314
0.4334828101644247
0.450224215246637
0.4693572496263082
0.48579970104633813
0.49955156950672674
0.5022421524663679
0.4932735426008973
0.4932735426008973
0.5124065769805684
0.5291479820627805
0.5695067264573992
0.6515695067264577
0.7659192825112109
0.8103139013452917
0.7883408071748881
0.7399103139013453
0.7650224215246638
0.7946188340807177
0.9004484304932738
0.9928251121076234
