0.7956989247311829
0.7933691756272402
0.7949820788530466
0.8043010752688173
0.8157706093189964
0.8154121863799283
0.7935483870967742
0.7845878136200715
0.7691756272401433
0.7537634408602154
0.7759856630824373
0.802688172043011
0.8139784946236559
0.7908602150537634
0.7630824372759855
0.758064516129032
0.783154121863799
0.7956989247311829
0.7956989247311829
0.7985663082437278
0.7974910394265234
0.7817204301075267
0.7412186379928316
0.7415770609318997
0.7451612903225808
0.7060931899641578
0.5075268817204304
0.3494623655913981
0.23297491039426527
0.06057347670250945
0.016129032258064606
0.11236559139784943
0.2050179211469534
0.3021505376344089
0.17670250896057318
0.11738351254480299
0.21827956989247305
0.23637992831541194
0.2616487455197133
0.31397849462365623
0.3548387096774192
0.41451612903225793
0.47311827956989244
0.5098566308243726
0.5519713261648744
0.5806451612903225
0.5931899641577063
0.635304659498208
0.6634408602150538
0.6802867383512544
0.693548387096774
0.7091397849462364
0.7279569892473118
0.7586021505376341
0.77741935483871
0.7804659498207888
0.7888888888888888
0.7973118279569894
0.824372759856631
0.8396057347670254
0.8817204301075272
0.8473118279569893
0.8387096774193552
0.8946236559139786
0.9580645161290322
0.9892473118279574
0.9935483870967745
0.9752688172043013
0.9494623655913978
0.9010752688172042
0.8172043010752688
0.639784946236559
0.6215053763440862
0.6043010752688175
0.4645161290322583
0.29032258064516103
0.2645161290322583
0.47096774193548385
0.5440860215053761
0.563440860215054
0.5806451612903225
0.5881720430107528
0.5817204301075268
0.6075268817204301
0.6440860215053765
0.6720430107526885
0.670967741935484
0.6494623655913982
0.6408602150537636
0.6419354838709679
