0.8315743548110962
0.8305315910017933
0.8290612522159817
0.8260148544730286
0.8210805627153358
0.8117658266646787
0.805860566139407
0.8047259677932176
0.8016250794544945
0.7858645030323546
0.7885654430214301
0.7907844489309772
0.7825913591905939
0.776014394248402
0.7703316589046496
0.7666351478543935
0.7673406590574442
0.7646154192080928
0.7616658264279917
0.7609585006249852
0.7724930183924171
0.7719267185642252
0.7684961516016738
0.7778377910690649
0.7857596112653523
0.7459036063464713
0.6128631073683016
0.4476526177182277
0.3422933545404842
0.3255995609194076
0.30237172158987363
0.20173683514306814
0.24185900768732937
0.17378652572747713
0.18187187030817412
0.24108281913093285
0.3304420049909389
0.34607997757259645
0.37825944887180524
0.4141661873755916
0.43421943667979757
0.4534262802988884
0.4962574664871002
0.5459853422401264
0.5766388796186498
0.6020889990272167
0.6138161931218248
0.6287634342855778
0.6422502380676248
0.6766566705877805
0.7013485370511069
0.7237561114543073
0.7454160443772254
0.7750965354027137
0.7913627408980064
0.8131693145361818
0.8240748893291268
0.8268976179036321
0.8428810219406175
0.9044762367616389
0.9046632851990974
0.8934762370246242
0.8759709490436665
0.8750122485497008
0.8738403720087703
0.8776249569032513
0.8784178581882248
0.8765411673558203
0.8707516467494599
0.8635814522637925
0.8349029622949798
0.7693833989350666
0.7592265701615076
0.7494526219785927
0.6958211735412393
0.6311647088711058
0.6122775044043499
0.6712553954762814
0.6899319682807928
0.6848273408142193
0.671022889995006
0.6690799465403073
0.666541143687125
0.6709121205020604
0.6779036952355706
0.6891652406277888
0.6901330338454451
0.6797306620844076
0.6712251784422371
0.6635602687817014
