0.7272727272727272
0.7110389610389609
0.6818181818181818
0.6915584415584417
0.8019480519480522
0.7045454545454547
0.09090909090909104
0.0
0.1915584415584414
0.45779220779220803
0.46753246753246763
0.5194805194805197
0.5032467532467535
0.5422077922077921
0.6071428571428572
0.6493506493506492
0.6720779220779222
0.6915584415584417
0.7467532467532467
0.7824675324675325
0.8571428571428571
0.8961038961038963
0.9090909090909092
0.9155844155844154
0.9805194805194805
0.8831168831168834
0.7688311688311691
0.7818181818181819
0.7857142857142859
0.7714285714285716
0.7613636363636362
0.7935064935064937
0.7749999999999999
0.7636363636363634
0.7535714285714288
