0.7956989247311829
0.7935483870967742
0.8139784946236559
0.7956989247311829
0.7451612903225808
0.016129032258064606
0.12715053763440862
0.3021505376344089
0.08790322580645148
0.21827956989247305
0.24462365591397842
0.31397849462365623
0.3825268817204299
0.47311827956989244
0.5309139784946235
0.5806451612903225
0.6142473118279572
0.6634408602150538
0.6857526881720429
0.7091397849462364
0.7419354838709676
0.77741935483871
0.7846774193548386
0.7973118279569894
0.8279569892473122
0.8817204301075272
0.8946236559139786
0.9935483870967745
0.9010752688172043
0.6215053763440862
0.29032258064516103
0.544086021505376
0.5881720430107528
0.6440860215053765
0.6494623655913982
