0.9737991266375544
0.9944687045123725
0.9967976710334788
0.9585152838427948
0.9266375545851528
0.890829694323144
0.875109170305677
0.849781659388646
0.8343522561863174
0.8200873362445413
0.8107714701601165
0.8256186317321688
0.8323144104803495
0.8296943231441049
0.8302765647743814
0.8427947598253276
0.8628820960698689
0.8666666666666665
0.88646288209607
0.8994177583697236
0.9024745269286755
0.9205240174672487
0.9208151382823868
0.9050946142649199
0.8567685589519648
0.7976710334788938
0.7382823871906841
0.6292576419213975
0.5583697234352254
0.49679767103347905
0.2707423580786025
0.09024745269286749
0.004366812227074154
0.10043668122270726
0.06259097525473048
0.04221251819505093
0.030567685589519916
0.013100436681222474
0.02911208151382825
0.03930131004366803
0.04512372634643385
0.059679767103347776
0.06113537117903922
0.10480349344978161
0.07714701601164459
0.07860262008733605
0.07714701601164463
0.08005822416302752
0.08733624454148478
0.08296943231441042
0.0786026200873361
0.09170305676855914
0.09606986899563291
0.1120815138282387
0.11353711790393034
0.10480349344978161
0.116448326055313
0.12227074235807844
0.141193595342067
0.34061135371178947
0.5458515283842793
0.5641921397379912
0.5554585152838429
0.554585152838428
0.554585152838428
0.5633187772925761
0.6078602620087334
0.6707423580786025
0.718777292576419
0.7240174672489084
0.7161572052401745
0.7100436681222706
0.7074235807860264
0.702183406113537
0.7039301310043669
0.7641921397379912
0.8366812227074232
0.8707423580786026
0.8838427947598251
0.8934497816593887
0.8995633187772928
0.887336244541485
0.8305676855895193
0.7755458515283843
0.7484716157205242
0.7510917030567688
0.6969432314410481
0.6026200873362445
0.570305676855895
0.6096069868995633
