0.9103773584905661
0.919182389937107
0.938050314465409
0.9594339622641512
0.9927672955974847
0.9968553459119498
0.9792452830188679
0.9644654088050317
0.9402515723270439
0.8698113207547168
0.779874213836478
0.7405660377358494
0.7405660377358494
0.7361635220125788
0.7455974842767297
0.7405660377358494
0.719496855345912
0.7301886792452832
0.7273584905660377
0.709433962264151
0.7122641509433962
0.729245283018868
0.7562893081761006
0.7666666666666669
0.7386792452830186
0.6588050314465405
0.5399371069182389
0.520754716981132
0.5154088050314463
0.34371069182389846
0.11320754716981131
0.1226415094339621
0.0911949685534589
0.11320754716981131
0.18396226415094347
0.17295597484276726
0.12735849056603749
0.06761006289308193
0.028301886792452983
0.023584905660377384
0.02830188679245299
0.017295597484276563
0.004716981132075608
0.011006289308175992
0.014150943396226169
0.009433962264151215
0.001572327044025197
0.020440251572327026
0.03773584905660355
0.023584905660377367
0.007861635220126001
0.004716981132075608
0.014150943396226169
0.014150943396226169
0.014150943396226167
0.018867924528302063
0.03616352201257881
0.03773584905660355
0.06289308176100647
0.3962264150943404
0.6745283018867929
0.6636792452830189
0.6481132075471702
0.6268867924528303
0.5943396226415099
0.5872641509433965
0.6311320754716981
0.6985849056603777
0.7584905660377359
0.7943396226415096
0.8160377358490566
0.8476415094339623
0.8792452830188683
0.885377358490566
0.8745283018867924
0.8419811320754718
0.7839622641509435
0.719811320754717
0.6801886792452834
0.6702830188679249
0.6650943396226416
0.6754716981132081
0.6867924528301889
0.7037735849056608
0.7188679245283021
0.7193396226415095
0.7113207547169813
0.7009433962264154
0.7018867924528303
0.728301886792453
