0.9342789240698202
0.9468682808186197
0.9390482120721971
0.9286306099463345
0.927308262128928
0.9141831580156321
0.904561532288405
0.8922556681326083
0.880210845549111
0.8465531408498327
0.8119802466059888
0.8055277978503176
0.8040382993256548
0.7979760068650935
0.8045045341600462
0.818058064896788
0.8380391294724587
0.8556237649584224
0.8562817653690281
0.850903789918894
0.8508459069780909
0.8574191129212098
0.8535590047471939
0.8400820431388119
0.8013534148087903
0.7305744246189513
0.6300072423212627
0.554629318996218
0.5038060272985662
0.40223218687484086
0.16945060637467071
0.07117564021984167
0.08618672862806716
0.09418124997453971
0.10047255773915881
0.09351974754636481
0.0679530635032082
0.04848776354762848
0.040828579547069865
0.05477387413420342
0.059031291567295176
0.06510555746753881
0.05959033753273208
0.06794935342330659
0.06732792161017291
0.06762303941221824
0.06430464013604731
0.07634904002449096
0.07677841716427518
0.07656011159499844
0.06763056250812266
0.07807302698761194
0.08224797946288984
0.08109928265802206
0.08817672218777155
0.08162784639673504
0.09520873404495923
0.09735466922754166
0.1144935388323376
0.3029225311225112
0.6508124155130051
0.6661750975056743
0.6578625572647768
0.652835146038075
0.6429430272333446
0.6413692163763716
0.6806210502925204
0.7433111081150137
0.7933263941260368
0.78650180508309
0.7621936353338373
0.7598450857670165
0.7719518222252361
0.7910688992061524
0.8267376062853572
0.8671295276060826
0.8661049794046761
0.82672895089234
0.8042784339187684
0.8161937617919328
0.8293675448254966
0.8306648485085022
0.8059462024397432
0.7909267871579727
0.7895916489824638
0.7931740782630626
0.7688365333977059
0.7283010654937735
0.7039152994452795
0.7088085400345
