0.9737991266375544
0.875109170305677
0.8323144104803495
0.88646288209607
0.8567685589519648
0.2707423580786025
0.026200873362445556
0.10043668122270726
0.04803493449781675
0.030567685589519916
0.017467248908296835
0.03930131004366803
0.0524017467248905
0.06113537117903922
0.09170305676855914
0.07860262008733605
0.0742358078602617
0.08733624454148478
0.07860262008733605
0.09170305676855914
0.0960698689956329
0.11353711790393034
0.10917030567685597
0.12227074235807844
0.18340611353711767
0.5458515283842793
0.5585152838427949
0.554585152838428
0.5572052401746724
0.6078602620087334
0.6986899563318776
0.7240174672489083
0.7131004366812224
0.7074235807860264
0.699126637554585
0.7641921397379912
0.8615720524017464
0.8838427947598251
0.8965065502183407
0.8873362445414847
0.801310043668122
0.7484716157205242
0.7327510917030567
0.6026200873362441
0.5794759825327513
