0.9186602870813401
0.85933014354067
0.8392344497607656
0.9550239234449761
0.8086124401913876
0.12440191387559832
0.11578947368421101
0.06889952153110057
0.031578947368421297
0.04593301435406723
0.06220095693779949
0.10143540669856485
0.11339712918660301
0.11291866028708142
0.1124401913875599
0.1148325358851675
0.10191387559808644
0.1052631578947372
0.10861244019138795
0.1377990430622011
0.13397129186602888
0.13684210526315813
0.1325358851674646
0.13205741626794315
0.15598086124401972
0.7320574162679429
0.7770334928229669
0.8028708133971297
0.8411483253588521
0.7291866028708138
0.9952153110047852
0.8488038277511966
0.9291866028708133
0.901435406698565
0.8813397129186606
