0.9103773584905661
0.9792452830188679
0.7405660377358494
0.7273584905660377
0.7386792452830186
0.11320754716981131
0.11556603773584878
0.11320754716981131
0.18160377358490565
0.12735849056603749
0.04481132075471729
0.023584905660377384
0.02358490566037738
0.004716981132075608
0.014150943396226167
0.009433962264151215
0.007075471698113084
0.03773584905660355
0.014150943396226495
0.004716981132075608
0.014150943396226167
0.014150943396226167
0.02830188679245299
0.03773584905660355
0.18160377358490565
0.6745283018867929
0.6558962264150947
0.6268867924528303
0.5813679245283022
0.631132075471698
0.7299528301886795
0.7943396226415096
0.8316037735849057
0.8792452830188683
0.8827830188679244
0.8419811320754718
0.7509433962264154
0.6801886792452834
0.6676886792452832
0.675471698113208
0.6945754716981136
0.7188679245283021
0.7165094339622645
0.7009433962264154
0.7127358490566036
