0.8749999999999999
0.8819444444444442
0.873611111111111
0.8749999999999999
0.9055555555555556
0.9388888888888887
0.9708333333333331
0.9777777777777776
0.9916666666666665
0.9541666666666665
0.9166666666666665
0.9305555555555554
0.945833333333333
0.9513888888888886
0.9402777777777775
0.8916666666666665
0.8902777777777777
0.8708333333333331
0.8708333333333331
0.8763888888888889
0.8847222222222222
0.8916666666666665
0.9055555555555552
0.8972222222222221
0.9208333333333328
0.9430555555555555
0.9791666666666664
1.0
0.8944444444444437
0.472222222222223
0.25000000000000017
0.23791666666666658
0.01555555555555553
0.10875000000000007
0.18194444444444444
0.23333333333333336
0.25583333333333325
0.22388888888888886
0.2472222222222224
0.3249999999999998
0.36388888888888904
0.35291666666666655
0.36666666666666664
0.37083333333333346
0.363611111111111
0.35624999999999996
0.35305555555555573
0.3705555555555557
0.3974999999999997
0.41250000000000014
0.4097222222222223
0.40416666666666656
0.4369444444444442
0.42763888888888885
0.4574999999999999
0.43472222222222234
0.4719444444444444
0.49333333333333307
0.5222222222222219
0.6302777777777775
0.7624999999999996
0.7255555555555556
0.6958333333333334
0.6950000000000001
0.6955555555555557
0.7416666666666667
0.7633333333333332
0.7455555555555554
0.6841666666666664
0.6383333333333332
0.6694444444444442
0.6697222222222221
0.6574999999999995
0.6738888888888885
0.7719444444444445
0.8708333333333333
0.9608333333333331
0.9563888888888887
0.9024999999999996
0.9191666666666662
0.9444444444444442
0.9466666666666662
0.9361111111111104
0.7230555555555556
0.503333333333333
0.4555555555555555
0.361944444444445
0.5908333333333337
0.7799999999999999
0.812222222222222
