0.851145038167939
0.8493638676844784
0.8587786259541982
0.8946564885496182
0.9353689567430022
0.94529262086514
0.9389312977099235
0.9479643765903307
0.9440203562340967
0.9137404580152668
0.9491094147582696
0.9820610687022899
0.9954198473282442
0.9776081424936385
0.9468193384223917
0.9427480916030533
0.945801526717557
0.9815521628498728
1.0
0.9858778625954197
0.9618320610687023
0.9694656488549613
0.9793893129770992
0.8491094147582695
0.8267175572519082
0.838422391857506
0.7358778625954192
0.5343511450381676
0.39618320610687024
0.14809160305343458
0.0
0.05534351145038141
0.09541984732824435
0.1087786259541984
0.11450381679389322
0.2022900763358778
0.18320610687022895
0.17748091603053412
0.19083969465648817
0.2041984732824425
0.2748091603053434
0.2938931297709923
0.2900763358778624
0.2977099236641219
0.3664122137404579
0.4122137404580151
0.41603053435114473
0.400763358778626
0.4083969465648855
0.4770992366412212
0.48854961832061033
0.4541984732824425
0.2671755725190837
0.19083969465648817
0.2022900763358778
0.2748091603053434
0.3396946564885493
0.3835877862595418
0.4809160305343511
0.4847328244274807
0.4770992366412212
0.4802798982188293
0.4999999999999998
0.5248091603053431
0.5725190839694654
0.6100508905852418
0.6259541984732824
0.611323155216285
0.5954198473282444
0.597328244274809
0.5992366412213737
0.6055979643765902
0.5916030534351144
0.6094147582697199
0.6501272264631043
0.666030534351145
0.66412213740458
0.66412213740458
0.648854961832061
0.6361323155216282
0.6246819338422391
0.6068702290076334
0.5916030534351142
0.6195928753180662
0.648854961832061
0.652671755725191
0.652671755725191
0.6450381679389312
0.6246819338422388
0.599236641221374
