0.9186602870813401
0.9269537480063799
0.8822966507177034
0.8679425837320576
0.8625199362041468
0.8548644338118028
0.85933014354067
0.8625199362041468
0.8660287081339715
0.8497607655502396
0.8452950558213719
0.8503987240829349
0.8392344497607656
0.828070175438597
0.8376395534290275
0.8708133971291869
0.9317384370015951
0.9700159489633179
0.9550239234449761
0.9438596491228074
0.9377990430622012
0.9224880382775122
0.8835725677830943
0.8484848484848486
0.8086124401913876
0.7352472089314197
0.6118022328548649
0.5138755980861245
0.437639553429027
0.36618819776714506
0.12440191387559832
6.379585326953908E-4
0.16299840510366845
0.06889952153110057
0.054864433811802484
0.06539074960127622
0.04593301435406723
0.06475279106858106
0.06507177033492838
0.10143540669856485
0.1036682615629987
0.1183413078149921
0.11291866028708142
0.08803827751196215
0.11068580542264797
0.11483253588516742
0.11419457735247211
0.12854864433811833
0.1052631578947372
0.12312599681020753
0.1164274322169059
0.1377990430622011
0.13652312599681043
0.11706539074960132
0.13684210526315813
0.12121212121212141
0.13301435406698592
0.132057416267943
0.13939393939393935
0.17192982456140377
0.7320574162679429
0.7706539074960129
0.7700159489633175
0.7770334928229669
0.7799043062200961
0.7735247208931422
0.8028708133971297
0.8606060606060609
0.9027113237639555
0.8411483253588521
0.7543859649122807
0.7218500797448166
0.7291866028708138
0.7856459330143544
0.9017543859649125
0.9952153110047852
0.9776714513556618
0.8896331738437002
0.8488038277511966
0.8848484848484851
0.9234449760765553
0.9291866028708133
0.9004784688995215
0.8934609250398727
0.901435406698565
0.9090909090909092
0.8982456140350882
0.8813397129186606
0.8395534290271133
0.7885167464114835
