0.8671875000000004
0.8520833333333333
0.836458333333333
0.8171875
0.8395833333333331
0.9348958333333333
0.9828125000000005
0.9703125000000001
0.9302083333333331
0.9031250000000003
0.942708333333333
0.9510416666666663
0.9234374999999999
0.8958333333333337
0.8468749999999998
0.8046874999999997
0.8421875000000003
0.896354166666667
0.9109375
0.8859374999999999
0.8697916666666663
0.8343750000000004
0.8640625000000001
0.9213541666666669
0.8749999999999998
0.796875
0.726041666666667
0.4624999999999996
0.36666666666666653
0.3260416666666662
0.17968749999999983
0.021874999999999766
0.09843749999999983
0.30937499999999957
0.5093749999999999
0.49999999999999944
0.40468749999999964
0.2999999999999997
0.259375
0.23437499999999928
0.2421874999999995
0.2781250000000001
0.3093749999999995
0.2906250000000001
0.2515624999999998
0.2421874999999995
0.26250000000000007
0.25156249999999974
0.2484374999999997
0.23749999999999938
0.2187499999999999
0.21718749999999984
0.23281249999999945
0.25468749999999957
0.2687499999999998
0.24999999999999972
0.2531249999999998
0.28281249999999974
0.3390624999999999
0.4874999999999998
0.8203125000000001
0.8270833333333337
0.8109374999999999
0.771875
0.7427083333333333
0.7473958333333333
0.7828124999999999
0.8218750000000001
0.8421874999999998
0.8437499999999998
0.828125
0.8078125000000003
0.7937500000000004
0.7911458333333338
0.8031250000000005
0.84375
0.8979166666666671
0.9463541666666667
0.9796874999999998
0.9958333333333332
0.9973958333333333
0.9906249999999999
0.9822916666666672
0.9552083333333331
0.8906249999999996
0.8749999999999996
0.8833333333333331
0.890625
0.8843750000000001
0.8671875000000004
