0.9717514124293785
0.9741996233521657
0.9725047080979284
0.9497175141242942
0.9212806026365349
0.9001883239171378
0.912994350282486
0.9207156308851224
0.9073446327683616
0.8830508474576275
0.8775894538606408
0.8770244821092282
0.8519774011299439
0.8510357815442566
0.8531073446327688
0.8502824858757065
0.8316384180790966
0.8022598870056501
0.7977401129943507
0.7949152542372884
0.8154425612052731
0.8197740112994353
0.8218455743879476
0.8192090395480228
0.8101694915254241
0.7448210922787194
0.561581920903955
0.23050847457627216
0.006026365348399191
0.1348399246704322
0.18644067796610161
0.4116760828625238
0.41016949152542415
0.2192090395480225
0.26177024482109196
0.32015065913371
0.3152542372881355
0.3440677966101694
0.3958568738229752
0.409039548022599
0.42184557438794745
0.4457627118644071
0.4734463276836157
0.530696798493409
0.5578154425612051
0.5762711864406782
0.5826741996233524
0.5789077212806029
0.5717514124293787
0.6224105461393598
0.657250470809793
0.6796610169491527
0.6836158192090398
0.686817325800377
0.7005649717514127
0.7467043314500941
0.7709981167608291
0.7677966101694919
0.7627118644067798
0.8738229755178913
0.9491525423728815
1.0
0.9954802259887008
0.9615819209039549
0.8983050847457632
0.864406779661017
0.859887005649718
0.8621468926553675
0.8723163841807915
0.9039548022598874
0.9039548022598873
0.8915254237288137
0.8847457627118649
0.8745762711864409
0.8564971751412433
0.8418079096045199
0.8056497175141245
0.7627118644067802
0.7322033898305086
0.7005649717514129
0.6553672316384183
0.6440677966101693
0.6395480225988701
0.6259887005649719
0.6259887005649718
0.6384180790960456
0.6429378531073446
0.6361581920903958
0.6225988700564972
0.6112994350282489
