0.8194444444444442
0.7902777777777777
0.7944444444444445
0.8194444444444442
0.8069444444444445
0.7777777777777773
0.783333333333333
0.7916666666666665
0.7888888888888885
0.8097222222222217
0.8124999999999996
0.7999999999999996
0.7694444444444446
0.7486111111111108
0.7388888888888884
0.7638888888888891
0.7708333333333327
0.7597222222222221
0.7347222222222217
0.7250000000000001
0.7083333333333329
0.7083333333333334
0.7458333333333331
0.769444444444444
0.7638888888888891
0.7430555555555551
0.6805555555555551
0.5555555555555554
0.5250000000000004
0.5222222222222225
0.5138888888888888
0.06944444444444446
0.0
0.215277777777778
0.2708333333333332
0.23611111111111097
0.20138888888888873
0.18055555555555577
0.215277777777778
0.23611111111111097
0.22222222222222265
0.23611111111111097
0.27777777777777785
0.2708333333333332
0.2500000000000002
0.2500000000000002
0.2500000000000002
0.34722222222222227
0.36111111111111155
0.3194444444444447
0.29166666666666713
0.3958333333333338
0.4236111111111114
0.36111111111111155
0.29861111111111077
0.34722222222222227
0.5416666666666664
0.7291666666666669
0.6874999999999999
0.7430555555555551
0.784722222222222
0.8449074074074072
0.8796296296296294
0.8972222222222223
0.9060185185185183
0.9050925925925921
0.8999999999999999
0.9175925925925923
0.9296296296296297
0.9194444444444442
0.8888888888888884
0.8601851851851846
0.8444444444444439
0.8384259259259255
0.8314814814814815
0.8194444444444442
0.8074074074074068
0.8361111111111107
0.8805555555555555
0.9157407407407409
0.9374999999999999
0.9513888888888885
0.9490740740740735
0.9189814814814811
0.8833333333333327
0.8657407407407405
0.8796296296296297
0.9180555555555555
0.9643518518518517
1.0
