0.7406340057636885
0.7490874159462055
0.7465898174831892
0.7377521613832855
0.7452449567723343
0.7934678194044187
0.8201729106628243
0.7994236311239195
0.7746397694524495
0.756484149855908
0.7214217098943323
0.7314121037463979
0.7510086455331413
0.7534101825168108
0.7477425552353507
0.7406340057636889
0.7235350624399617
0.7320845341018253
0.7740634005763688
0.781844380403458
0.8126801152737753
0.8340057636887608
0.8658981748318922
0.8372718539865512
0.7878962536023055
0.8419788664745437
0.8434197886647455
0.7933717579250719
0.6966378482228623
0.25244956772334237
0.06628242074927983
0.008645533141210382
0.00576368876080708
0.03602305475504331
0.11642651296829973
0.1772334293948129
0.20345821325648425
0.223342939481268
0.24495677233429408
0.2484149855907782
0.2651296829971181
0.30374639769452455
0.3608069164265131
0.38414985590778106
0.39423631123919306
0.3991354466858791
0.3994236311239195
0.38962536023054783
0.4080691642651298
0.42651296829971197
0.4265129682997119
0.4256484149855908
0.4247838616714698
0.432276657060519
0.4368876080691643
0.4769452449567725
0.4951008645533142
0.5083573487031701
0.6466858789625365
0.8651296829971179
0.9020172910662825
0.8926993275696448
0.8891450528338137
0.8939481268011528
0.9271853986551392
0.8852065321805958
0.5936599423631126
0.19769452449567726
0.180211335254563
0.13976945244956804
0.22286263208453447
0.5332372718539868
0.65014409221902
0.7024015369836696
0.7673390970220942
0.8097982708933718
0.8169068203650337
0.8130643611911623
0.8357348703170028
0.8857829010566765
0.9529298751200768
0.9997118155619596
0.9896253602305475
0.9717579250720461
0.9319884726224785
0.8909702209414027
0.8951008645533141
0.9293948126801155
0.9310278578290105
0.9157540826128722
