0.7272727272727272
0.724025974025974
0.7196969696969697
0.7240259740259742
0.7261904761904763
0.7196969696969697
0.7110389610389609
0.708874458874459
0.7283549783549784
0.7207792207792209
0.7121212121212122
0.6926406926406927
0.6818181818181818
0.6861471861471862
0.6948051948051948
0.6915584415584417
0.6872294372294372
0.6958874458874458
0.6915584415584417
0.6893939393939394
0.7045454545454546
0.7142857142857142
0.7424242424242424
0.7727272727272727
0.8019480519480522
0.7867965367965367
0.7694805194805195
0.762987012987013
0.7878787878787881
0.7813852813852813
0.7045454545454547
0.08116883116883124
0.11038961038961062
0.0
0.10714285714285728
0.28571428571428553
0.45779220779220803
0.45779220779220803
0.4772727272727272
0.5194805194805197
0.525974025974026
0.5000000000000001
0.5422077922077921
0.5974025974025976
0.6201298701298701
0.6493506493506492
0.6655844155844155
0.6720779220779222
0.6915584415584417
0.7272727272727272
0.7532467532467534
0.7824675324675325
0.8246753246753246
0.87987012987013
0.8961038961038963
0.9123376623376626
0.9123376623376626
0.9155844155844154
0.9415584415584417
1.0
0.8831168831168834
0.8331168831168833
0.7937229437229437
0.7688311688311691
0.7651515151515151
0.7792207792207793
0.7818181818181819
0.7922077922077921
0.7904761904761906
0.7857142857142858
0.7835497835497837
0.7768398268398269
0.7714285714285716
0.7694805194805197
0.7664502164502165
0.7613636363636362
0.7666666666666667
0.7800865800865803
0.7935064935064937
0.7904761904761906
0.7770562770562773
0.7749999999999999
0.7783549783549784
0.7792207792207793
0.7636363636363634
0.7570346320346323
0.7564935064935068
0.7535714285714287
0.7502164502164503
0.7374458874458876
